226 294 248 493
38 71 227 206
71 36 201 198
151 16 177 203
10 230 170 401
204 191 267 211
114 256 388 426
230 116 231 327
115 57 128 281
168 38 382 189
177 25 187 134
165 201 210 304
64 213 125 297
92 73 343 271
296 179 419 365
286 25 414 232
81 188 355 426
98 177 163 434
60 166 276 297
258 209 540 454
92 241 354 451
161 171 398 452
14 214 290 369
243 161 503 355
6 120 167 151
149 56 368 223
263 236 383 420
168 212 178 475
123 69 201 144
208 210 433 246
223 59 431 295
131 143 246 303
67 173 364 459
87 18 135 304
99 164 113 175
17 100 172 181
73 237 102 277
74 254 354 358
19 98 222 273
134 145 408 398
129 145 204 366
272 33 414 187
9 265 215 392
3 109 139 303
43 232 309 326
207 84 267 271
198 250 341 394
174 36 344 163
213 90 482 293
295 27 454 73
169 87 324 205
180 32 389 186
37 14 147 99
159 42 204 52
57 124 86 160
21 110 170 205
284 279 309 332
212 200 401 269
123 240 283 303
90 79 148 272
75 122 228 420
206 42 415 308
49 242 95 505
47 84 203 282
204 105 335 154
98 129 165 194
230 281 471 311
80 116 283 328
99 161 320 411
9 144 51 313
279 123 281 393
243 225 371 378
53 197 171 219
205 176 273 409
242 237 250 295
271 167 460 314
111 106 226 311
6 257 58 505
275 35 460 160
213 274 235 312
198 129 274 358
226 62 474 167
51 219 185 507
52 216 141 271
237 218 389 373
207 105 304 157
48 240 213 356
196 11 467 98
122 186 394 482
34 122 313 261
10 56 250 57
136 184 247 204
157 57 429 79
222 270 338 536
56 70 303 252
31 211 87 345
4 118 64 370
121 181 406 324
22 224 210 476
96 83 311 380
216 37 311 176
24 93 61 297
274 233 378 271
161 216 320 221
222 194 325 478
242 206 338 322
267 91 268 176
74 62 225 151
73 70 265 320
105 64 146 262
169 161 424 294
214 149 472 335
129 166 247 268
88 237 350 377
0 101 77 289
128 188 365 356
42 159 286 404
184 54 312 54
128 169 237 462
261 198 342 273
208 56 226 157
186 97 436 107
41 234 244 250
259 96 388 360
44 130 308 428
246 233 412 271
71 192 203 480
70 232 344 268
281 162 386 389
90 269 199 319
223 103 299 112
156 45 359 193
271 9 566 191
129 274 309 470
285 157 312 403
242 16 334 66
2 138 167 361
30 251 297 507
266 236 480 465
9 235 230 453
238 244 526 418
89 85 341 231
243 285 312 526
2 69 8 316
113 252 173 488
87 153 262 214
274 242 544 259
81 10 376 10
41 113 176 323
185 134 301 371
202 9 400 263
124 40 181 70
90 15 376 314
53 264 90 341
84 257 259 324
100 40 239 311
69 178 211 314
87 146 379 371
126 271 254 381
282 4 295 274
44 92 117 346
162 249 348 280
237 106 470 170
185 78 255 168
45 292 257 461
140 209 240 450
39 276 72 460
114 119 124 242
45 137 212 220
93 300 333 569
43 1 296 70
88 22 369 112
229 92 525 184
299 26 454 99
130 89 280 332
214 283 503 411
12 202 65 305
16 16 88 125
272 143 418 148
240 139 307 196
55 90 96 261
28 27 210 42
234 126 529 237
269 166 509 261
274 225 420 236
58 294 276 299
58 100 233 286
92 171 247 253
272 291 339 376
37 132 88 392
92 67 217 210
27 253 222 323
224 241 232 497
35 300 235 463
119 281 295 372
166 265 452 431
85 209 100 319
210 255 396 281
102 2 310 97
17 158 255 388
201 280 464 408
61 256 65 365
122 137 219 349
195 175 423 297
141 207 386 370
242 167 363 403
148 23 341 174
257 283 538 367
254 230 447 454
61 183 62 349
58 126 310 405
152 114 163 332
172 282 273 463
232 257 268 263
249 108 484 263
235 187 478 210
35 62 174 285
155 127 305 332
5 92 43 193
69 204 201 485
258 224 258 284
91 144 133 360
101 298 266 404
124 90 422 141
156 199 430 385
297 134 412 189
177 126 351 162
153 189 190 413
168 232 182 373
201 136 462 242
89 83 175 237
47 236 174 458
145 101 198 254
116 60 341 164
11 83 163 186
149 249 446 523
182 33 267 305
150 66 382 124
232 239 300 457
222 239 315 429
131 58 225 349
88 91 364 121
194 33 285 60
101 40 401 128
232 176 338 181
25 289 148 311
34 168 228 292
246 142 302 182
296 64 459 241
260 139 509 430
113 173 407 391
137 202 380 420
193 189 474 453
242 278 296 291
64 143 287 260
17 2 80 233
172 11 338 130
275 267 524 305
14 286 183 309
22 158 203 249
20 19 138 190
286 251 313 253
15 98 260 178
260 76 262 203
58 74 336 347
65 243 348 292
178 223 443 272
284 183 467 322
191 271 376 482
205 183 223 401
47 258 273 533
74 29 205 153
215 285 391 521
128 177 179 250
41 229 266 433
252 249 459 462
162 123 407 349
28 93 105 375
114 170 208 373
110 222 390 393
121 235 311 531
60 174 95 468
89 98 299 145
58 27 140 141
165 151 238 219
174 106 283 311
101 46 205 200
193 116 281 222
99 289 290 308
109 47 195 269
209 225 507 284
150 264 342 404
61 97 323 131
230 210 230 332
170 196 267 458
229 112 340 112
299 227 495 378
257 205 448 398
202 38 256 38
30 61 230 151
225 22 318 319
249 203 549 354
87 181 246 381
168 151 223 363
193 239 260 468
63 219 350 230
0 155 245 276
16 213 76 281
289 206 301 296
287 27 458 223
5 278 133 480
143 220 344 354
19 20 202 23
155 2 238 91
193 168 403 330
30 280 213 387
28 67 231 342
59 208 270 471
157 264 239 303
117 113 342 271
82 68 215 297
26 227 218 349
227 187 267 304
13 129 106 138
120 129 269 276
134 151 186 295
127 73 168 250
239 189 465 222
183 266 446 334
291 285 377 381
114 159 343 445
235 25 531 314
87 152 347 388
251 196 350 275
38 170 233 367
55 201 329 494
287 13 570 190
248 26 258 242
161 237 385 383
287 290 325 568
144 262 408 362
208 36 233 262
45 215 178 358
259 99 412 342
127 73 137 120
18 118 26 315
15 60 78 92
93 241 376 443
218 298 462 347
234 262 527 500
261 8 540 26
121 76 122 292
1 64 23 271
87 177 125 291
194 177 284 326
67 115 174 144
211 169 344 321
176 68 291 365
186 186 320 303
274 145 541 249
181 208 344 407
283 141 533 437
179 248 248 379
147 285 378 319
258 103 287 388
295 287 532 541
271 139 488 158
156 129 194 402
162 142 309 256
58 264 225 523
270 217 398 256
281 277 396 362
241 128 445 305
21 65 299 328
61 42 209 294
55 27 125 274
137 182 238 426
38 125 241 230
121 207 390 269
178 175 435 319
207 31 274 267
111 267 184 276
200 99 284 247
98 73 213 143
1 267 1 300
15 244 151 443
81 210 140 320
104 73 144 234
236 249 385 280
172 38 387 288
39 236 280 477
47 35 144 266
164 177 397 352
90 283 204 495
167 88 279 326
147 170 441 253
278 91 410 356
219 10 485 273
120 87 336 360
134 133 227 226
43 12 74 260
31 279 164 452
194 218 240 432
145 258 414 307
233 277 279 439
100 16 130 229
94 98 157 340
67 213 311 329
89 111 195 296
98 40 235 121
298 225 448 488
291 110 468 232
89 249 105 391
32 137 247 303
174 96 372 143
100 263 322 513
186 176 459 229
281 242 547 297
3 214 65 356
164 46 451 309
225 265 304 548
230 172 294 327
215 28 377 252
153 24 448 276
36 184 128 231
251 224 412 290
61 42 341 335
30 7 272 119
235 48 508 219
107 290 283 380
171 161 314 171
164 167 376 375
226 34 391 74
119 122 145 292
118 20 171 223
187 172 459 387
127 235 218 257
30 136 103 351
94 273 139 433
139 168 171 168
208 91 434 311
47 221 180 356
234 105 501 226
250 123 468 323
193 294 404 372
111 86 341 339
95 229 281 441
253 282 522 297
72 194 128 303
29 293 197 452
157 66 204 235
64 140 233 160
171 77 462 208
272 272 321 480
200 290 468 497
6 238 208 244
193 2 492 287
158 3 339 139
147 157 203 421
177 160 252 175
102 263 205 380
37 211 299 423
207 187 349 367
207 201 363 458
82 133 189 233
238 171 311 381
129 164 374 280
219 11 340 65
159 43 321 118
217 8 301 112
264 111 380 343
97 198 265 292
157 133 301 358
20 21 112 202
154 159 273 292
92 158 148 356
22 235 118 397
263 134 376 181
132 11 272 197
234 239 369 346
110 108 164 404
244 244 282 322
73 13 310 30
67 217 279 500
54 227 287 524
187 222 226 520
139 145 168 152
170 300 339 600
171 65 173 88
275 72 447 228
120 71 270 241
191 27 198 243
275 84 437 172
141 283 152 420
157 202 450 220
103 295 144 433
271 80 413 175
198 23 207 89
73 74 266 369
53 2 278 75
4 23 268 158
44 48 322 237
120 77 394 218
127 85 373 309
107 128 152 256
122 23 413 76
202 5 477 281
280 204 571 280
175 133 354 310
123 170 384 406
89 81 217 284
172 231 397 398
209 106 240 169
136 233 374 288
155 68 174 185
272 197 330 434
297 272 385 307
21 262 262 318
176 21 415 301
10 44 95 141
171 210 337 299
164 77 413 91
87 67 131 341
279 235 501 473
122 27 363 239
147 107 376 339
147 131 342 313
39 198 316 477
13 82 206 378
25 171 176 181
137 165 322 325
98 139 146 327
264 53 313 259
23 172 217 255
13 236 298 429
192 126 394 308
125 140 274 248
267 292 367 367
208 75 422 181
86 225 166 351
211 22 386 222
27 80 276 111
221 34 245 138
154 164 447 462
89 246 277 309
176 142 381 271
152 10 182 131
286 53 434 174
123 102 123 237
53 210 341 274
208 27 283 102
54 115 115 242
198 162 214 298
68 231 279 445
142 245 416 337
97 153 325 274
117 83 338 347
117 49 403 288
257 273 554 456
259 113 450 264
100 266 342 430
191 226 303 407
29 259 136 470
177 83 250 148
106 146 335 223
11 264 134 295
166 67 277 195
41 228 57 340
202 51 227 134
72 116 266 260
153 249 430 400
4 57 228 300
204 254 215 509
268 138 394 155
180 53 404 205
129 39 155 80
269 43 564 129
67 174 241 200
89 69 273 181
115 300 415 471
93 139 300 295
71 122 228 157
266 19 465 60
36 55 240 176
57 117 129 318
100 62 393 106
107 30 246 312
246 12 532 135
114 172 276 227
202 258 468 345
169 245 435 473
225 154 485 397
162 244 407 477
180 188 445 264
56 239 122 361
188 18 395 306
179 43 296 149
79 11 287 194
85 6 232 13
243 291 535 311
16 117 294 255
269 156 406 344
244 186 532 331
105 56 295 140
256 213 367 228
210 126 251 247
69 223 196 515
96 239 336 501
8 258 105 439
280 253 424 298
146 214 194 222
223 234 242 460
233 173 453 238
96 68 142 243
237 185 308 456
2 200 164 333
261 2 517 299
138 228 211 503
165 39 402 265
187 241 347 406
286 43 540 182
155 70 356 195
299 203 460 459
113 78 356 126
294 139 323 362
86 7 232 126
104 68 237 209
88 50 180 213
139 52 249 92
151 292 280 473
263 300 335 386
131 227 389 290
86 117 306 219
63 137 149 167
219 196 339 492
293 189 545 348
273 278 399 305
202 17 277 181
13 248 309 282
218 83 278 167
269 74 446 190
31 207 170 473
110 33 118 102
114 196 212 381
84 35 360 227
127 105 154 394
33 288 236 367
36 288 44 373
103 189 140 319
251 233 418 403
176 35 252 41
171 267 418 421
38 193 140 300
37 185 213 359
90 51 176 284
215 219 293 270
236 278 449 524
56 238 139 534
282 181 292 291
211 130 328 140
238 181 390 457
55 81 224 85
221 213 343 405
26 140 280 140
298 106 340 149
116 206 404 215
62 106 293 391
264 100 320 398
204 28 417 230
266 112 429 353
122 262 420 327
297 162 575 231
216 198 492 491
108 290 190 486
178 247 445 442
229 209 422 414
2 25 222 138
212 278 354 400
261 12 390 219
268 265 415 360
32 183 326 347
84 240 178 267
102 39 373 287
37 239 290 537
77 228 324 375
180 113 265 139
297 296 595 460
29 64 186 264
37 75 92 372
30 194 84 376
268 244 416 265
257 18 471 137
128 226 305 236
191 228 475 470
271 134 506 239
217 213 397 333
255 98 282 255
93 174 111 327
295 93 580 245
100 271 365 541
98 274 247 329
273 117 379 394
198 271 218 486
128 105 412 302
88 18 267 270
256 1 306 186
110 6 343 32
163 221 411 433
101 9 288 230
172 141 392 349
196 161 439 276
181 169 405 459
146 246 430 251
256 147 387 320
245 88 518 275
254 15 523 134
288 84 307 191
159 41 428 286
288 152 338 346
76 191 117 478
50 55 212 318
284 179 285 446
160 67 394 352
38 272 54 395
36 273 243 482
178 292 229 295
75 36 236 236
292 88 370 230
184 39 398 339
206 283 474 326
285 85 466 213
74 71 259 307
286 238 416 518
219 200 467 497
288 68 396 137
249 106 542 375
24 222 229 393
263 123 321 380
90 56 191 81
86 190 119 327
32 277 88 391
124 136 334 312
60 271 175 452
121 10 418 72
155 194 423 494
150 43 280 242
267 164 293 205
16 214 163 364
219 90 456 162
51 83 256 203
195 275 311 523
248 234 473 464
157 226 327 378
149 13 216 75
47 281 278 448
77 32 167 35
20 242 46 275
5 281 252 548
222 269 446 568
220 23 323 62
190 177 386 277
293 125 377 282
119 70 413 106
194 165 365 282
108 66 316 196
26 27 194 235
226 97 426 335
251 41 423 46
80 97 333 252
111 114 240 215
106 144 330 296
58 200 318 317
235 282 275 435
136 161 360 376
145 170 330 289
178 139 443 276
264 88 409 262