0	0
0	0
0	0
0	0
0	0
0	0
0	0
0	0
0	0
0	0
123	1
123	1
123	1
123	1
125	1
125	1
125	1
125	1
132	2
132	2
134	2
134	2
134	2
184	2
434	5
554	12
562	7
562	7
571	8
642	10
642	10
651	11
707	10
799	14
811	11
820	10
894	10
1073	12
1102	13
1126	15
1183	17
1231	14
1279	17
1306	18
1344	18
1360	15
1434	16
1467	17
1510	18
1523	15
1626	18
1639	23
1679	21
1701	25
1721	19
1742	19
1797	23
1872	24
1894	23
2075	23
2107	27
2110	29
2291	28
2385	30
2519	29
2541	30
2597	29
2640	30
2658	31
2821	32
2829	31
2833	31
3037	35
3093	35
3153	35
3258	41
3612	41
3736	41
5278	58
5449	63
5621	65
